	III_2995992	III_2997070	III_2997182	III_2999982	III_3005783	III_3005885	III_3005900	III_3005943	III_3007199	III_3008718	III_3008844	III_3010466	III_3013429	III_3019596	III_3023143	III_3028637	III_3028693	X_14147803	X_14149254	X_14149299	X_14149302	X_14151123	X_14151475
III_2995992	1	NA	NA	NA	NA	NA	NA	NA	NA	NA	NA	NA	NA	NA	NA	NA	NA	NA	NA	NA	NA	NA	NA
III_2997070	0.117504139	1	NA	NA	NA	NA	NA	NA	NA	NA	NA	NA	NA	NA	NA	NA	NA	NA	NA	NA	NA	NA	NA
III_2997182	0.021784644	0.748029119	1	NA	NA	NA	NA	NA	NA	NA	NA	NA	NA	NA	NA	NA	NA	NA	NA	NA	NA	NA	NA
III_2999982	0.005517879	0.672493049	0.871164484	1	NA	NA	NA	NA	NA	NA	NA	NA	NA	NA	NA	NA	NA	NA	NA	NA	NA	NA	NA
III_3005783	0.034087743	0.368687187	0.170847505	0.24948003	1	NA	NA	NA	NA	NA	NA	NA	NA	NA	NA	NA	NA	NA	NA	NA	NA	NA	NA
III_3005885	0.005517879	0.672493049	0.871164484	0	0.24948003	1	NA	NA	NA	NA	NA	NA	NA	NA	NA	NA	NA	NA	NA	NA	NA	NA	NA
III_3005900	0.025646078	0.563839483	0.748029119	0.67249412	0.000110132	0.67249412	1	NA	NA	NA	NA	NA	NA	NA	NA	NA	NA	NA	NA	NA	NA	NA	NA
III_3005943	0.005517879	0.672493049	0.871164484	0	0.24948003	0	0.67249412	1	NA	NA	NA	NA	NA	NA	NA	NA	NA	NA	NA	NA	NA	NA	NA
III_3007199	0.021767442	0.746633468	0.994269373	0.870065211	0.170804174	0.870065211	0.746634318	0.870065211	1	NA	NA	NA	NA	NA	NA	NA	NA	NA	NA	NA	NA	NA	NA
III_3008718	0.005517879	0.672493049	0.871164484	0	0.24948003	0	0.67249412	0	0.870065211	1	NA	NA	NA	NA	NA	NA	NA	NA	NA	NA	NA	NA	NA
III_3008844	0.005517879	0.672493049	0.871164484	0	0.24948003	0	0.67249412	0	0.870065211	0	1	NA	NA	NA	NA	NA	NA	NA	NA	NA	NA	NA	NA
III_3010466	0.002185891	0.88367012	0.894169744	0.997501507	0.065472424	0.997501507	0.883670522	0.997501507	0	0.997501507	0.997501507	1	NA	NA	NA	NA	NA	NA	NA	NA	NA	NA	NA
III_3013429	0.123241105	0.484601455	0.795632919	0	0.554561796	0	0.483689379	0	0.663623936	0	0	0.794833431	1	NA	NA	NA	NA	NA	NA	NA	NA	NA	NA
III_3019596	0.398461296	0.216368987	0.066505217	0.89010829	0	0.89010829	0.003579043	0.89010829	2.54E-05	0.89010829	0.89010829	2.05E-08	0.043433341	1	NA	NA	NA	NA	NA	NA	NA	NA	NA
III_3023143	0.024676847	0.215861304	2.72E-05	0.11870111	0	0.11870111	0.215858889	0.11870111	2.77E-05	0.11870111	0.11870111	2.37E-08	0.403146759	0	1	NA	NA	NA	NA	NA	NA	NA	NA
III_3028637	3.51E-11	0.918333514	0.711512494	0.808799459	0.004259889	0.808799459	0.918332942	0.808799459	0.711259888	0.808799459	0.808799459	0.582455897	0.975319167	0.000150679	0.000148772	1	NA	NA	NA	NA	NA	NA	NA
III_3028693	0.019915556	0.368250536	0.17058406	0.249131938	0	0.249131938	0.368248017	0.249131938	0.170537917	0.249131938	0.249131938	0.065319023	0.554075734	0	0	0.004169329	1	NA	NA	NA	NA	NA	NA
X_14147803	0.123330822	0.483420989	0.664154779	0	0.554756396	0	0.482506409	0	0.662649379	0	0	0.794048436	0.295320738	0.403898692	0.403293162	0.974784539	0.554272417	1	NA	NA	NA	NA	NA
X_14149254	0.013954931	0.249351661	0.163009762	0.145244045	9.69E-12	0.145244045	0.249351661	0.145244045	0.085797794	0.145244045	0.145244045	0.021361388	0.438757232	1.05E-10	7.32E-09	0.672795111	8.40E-12	0.438482055	1	NA	NA	NA	NA
X_14149299	0.001517685	0.382092368	0.181681891	0.261941658	3.28E-13	0.261941658	0.382091536	0.261941658	0.181635817	0.261941658	0.261941658	0.072269024	0.566830669	1.11E-16	1.11E-16	0.321665028	1.60E-14	0.566666549	0	1	NA	NA	NA
X_14149302	0.050176344	0.673269001	0.871164261	0.803196836	1.67E-06	0.803196836	0.673269536	0.803196836	0.870064539	0.803196836	0.803196836	0.997501494	0.592050029	0.000301177	0.000321095	0.808800449	1.84E-06	0.590636195	0.000111175	0.261495428	1	NA	NA
X_14151123	3.88E-06	0.915922368	0.866195381	0.971850165	2.00E-15	0.971850165	0.915922514	0.971850165	0.865821941	0.971850165	0.971850165	0.758574048	0.825090135	1.96E-09	2.32E-09	0.556677778	1.75E-11	0.824188821	0.013705547	0.054239178	0.97182383	1	NA
X_14151475	0.123330822	0.483420989	0.664154779	0.590156312	0.554756396	0.590156312	0.482506409	0.590156312	0.662649379	0.590156312	0.590156312	0.794048436	0.295320738	0.403898692	0.403293162	0.974784539	0.554272417	0.293191838	0.438482055	0.566666549	0.590636195	0.824188821	1